88768
87365
86267
76973
76224
73091
66731
66439
62570
57785
50625
47411
46986
45120
44411
44104
43383
39041
37106
36913
36482
34521
34359
33320
33316
31460
29583
28305
27456
27447
26115
25840
25805
25698
25560
25537
24503
24380
23238
22882
22604
21921
21074
20763
19956
19524
18299
16157
15522
15417
15068
14983
14687
14503
14199
14098
14028
14006
13940
13935
13906
13553
13549
13501
13455
13455
13416
13394
13317
13256
13234
13157
13108
13079
12856
12848
12827
12714
12681
12654
12632
12632
12536
12513
12459
12424
12424
12399
12368
12354
12187
12148
12142
12095
12034
12027
12002
12001
11985
11983
11958
11951
11807
11763
11743
11569
11522
11498
11430
11220
11148
11126
10091
9865
9368
9341
8346
8007
7722
7314
7123
7003
6936
6900
6860
6860
6825
6698
6546
6396
6294
6237
6193
6076
6062
6041
6000
5984
5968
5952
5915
5891
5832
5772
5698
5564
5555
5520
5465
5463
5387
5383
5360
5324
5323
5316
5281
5232
5189
5182
5098
5061
5060
5057
5026
5000
4996
4994
4986
4967
4939
4933
4917
4903
4888
4879
4865
4820
4815
4785
4705
4701
4608
4581
4573
4553
4515
4471
4465
4452
4436
4400
4395
4381
4378
4377
4370
4361
4336
4310
4310
4305
4295
4289
4273
4272
4256
4231
4225
4222
4222
4202
4197
4188
4183
4182
4163
4150
4135
4085
4081
4072
4059
4030
4013
4012
4006
3991
3984
3970
3964
3960
3950
3941
3932
3926
3924
3921
3913
3913
3906
3871
3864
3858
3818
3807
3806
3806
3775
3755
3745
3737
3730
3717
3716
3713
3708
3681
3660
3650
3649
3648
3646
3638
3622
3622
3603
3603
3602
3593
3582
3574
3557
3554
3553
3553
3553
3537
3527
3527
3523
3519
3503
3502
3499
3498
3490
3478
3477
3473
3466
3463
3458
3434
3402
3396
3389
3386
3375
3374
3373
3365
3348
3347
3341
3313
3308
3302
3299
3290
3284
3277
3275
3268
3262
3259
3259
3254
3252
3234
3227
3223
3218
3213
3209
3206
3201
3201
3197
3196
3195
3190
3174
3173
3171
3162
3159
3157
3156
3154
3144
3129
3123
3123
3120
3102
3100
3100
3089
3085
3080
3080
3077
3076
3073
3073
3065
3059
3058
3046
3044
3043
3025
3024
3013
3010
3009
3002
2999
2999
2996
2991
2984
2982
2982
2971
2964
2957
2956
2945
2943
2937
2937
2928
2927
2926
2924
2922
2922
2919
2916
2914
2911
2910
2905
2904
2903
2899
2893
2889
2884
2882
2882
2882
2881
2877
2876
2871
2860
2860
2858
2855
2849
2848
2846
2844
2841
2836
2834
2833
2830
2829
2828
2825
2823
2822
2822
2820
2819
2815
2814
2811
2804
2799
2796
2795
2795
2794
2793
2793
2791
2790
2788
2787
2784
2783
2781
2765
2762
2751
2750
2745
2744
2736
2733
2728
2709
2708
2703
2698
2697
2694
2689
2688
2688
2686
2671
2670
2669
2668
2665
2664
2647
2644
2642
2641
2639
2637
2636
2635
2629
2628
2626
2618
2617
2612
2611
2605
2603
2603
2591
2588
2584
2583
2577
2577
2576
2575
2575
2575
2574
2570
2565
2561
2557
2556
2555
2549
2547
2541
2541
2536
2529
2529
2522
2521
2521
2520
2520
2517
2516
2511
2511
2510
2508
2505
2500
2491
2487
2479
2477
2476
2475
2473
2470
2464
2463
2462
2451
2447
2442
2439
2438
2438
2438
2435
2434
2432
2431
2429
2428
2425
2425
2421
2421
2420
2419
2417
2413
2412
2400
2394
2390
2390
2389
2385
2385
2385
2384
2383
2383
2382
2381
2381
2379
2379
2378
2375
2372
2369
2368
2366
2363
2357
2355
2354
2353
2352
2344
2342
2342
2335
2330
2328
2328
2326
2325
2322
2318
2317
2308
2307
2304
2303
2295
2293
2291
2289
2287
2286
2284
2283
2282
2273
2270
2269
2266
2259
2259
2253
2248
2247
2237
2234
2232
2232
2228
2227
2223
2221
2220
2217
2216
2210
2209
2207
2206
2205
2201
2200
2198
2198
2196
2192
2190
2189
2189
2187
2185
2177
2176
2173
2166
2161
2161
2157
2147
2139
2132
2129
2126
2124
2124
2119
2117
2114
2113
2113
2113
2112
2109
2108
2105
2105
2103
2102
2096
2096
2094
2094
2092
2090
2089
2088
2087
2087
2086
2084
2081
2079
2079
2078
2076
2068
2064
2063
2063
2062
2060
2060
2060
2059
2050
2046
2044
2043
2035
2033
2033
2030
2027
2021
2020
2017
2014
2010
2009
2008
2006
2006
2005
2005
1998
1998
1998
1995
1993
1990
1990
1988
1986
1986
1980
1978
1976
1976
1975
1974
1970
1966
1966
1966
1964
1963
1962
1962
1962
1961
1961
1961
1956
1956
1947
1947
1947
1946
1945
1944
1943
1939
1936
1936
1935
1933
1933
1931
1929
1928
1928
1927
1926
1926
1924
1920
1917
1916
1916
1907
1906
1905
1904
1903
1903
1903
1902
1901
1900
1900
1899
1895
1895
1893
1891
1890
1890
1888
1882
1872
1872
1871
1870
1870
1869
1869
1869
1868
1865
1863
1863
1856
1854
1851
1849
1843
1843
1843
1843
1842
1841
1841
1832
1832
1830
1829
1829
1826
1819
1818
1818
1813
1813
1806
1803
1802
1801
1800
1800
1798
1797
1793
1792
1787
1786
1785
1785
1776
1775
1775
1775
1770
1769
1766
1761
1756
1754
1751
1747
1747
1747
1743
1741
1738
1737
1734
1733
1732
1728
1724
1724
1719
1719
1716
1716
1715
1714
1713
1712
1710
1710
1709
1708
1704
1703
1703
1696
1690
1690
1687
1685
1683
1683
1683
1680
1679
1678
1675
1667
1657
1650
1645
1643
1643
1641
1637
1637
1637
1636
1630
1629
1625
1625
1623
1622
1619
1614
1611
1610
1610
1608
1597
1595
1594
1586
1586
1586
1581
1577
1577
1575
1573
1571
1567
1566
1560
1560
1558
1556
1556
1555
1553
1552
1550
1550
1549
1546
1544
1543
1541
1540
1538
1534
1533
1533
1532
1529
1527
1525
1525
1525
1521
1520
1519
1518
1516
1510
1509
1508
1504
1504
1502
1494
1492
1492
1490
1489
1488
1487
1487
1485
1484
1482
1478
1476
1475
1473
1471
1468
1467
1466
1464
1462
1461
1461
1459
1458
1456
1453
1452
1452
1451
1446
1446
1445
1443
1441
1440
1436
1432
1432
1432
1430
1429
1429
1425
1424
1424
1424
1423
1422
1421
1419
1416
1416
1416
1415
1412
1412
1411
1410
1408
1408
1407
1406
1404
1402
1395
1394
1393
1391
1391
1391
1386
1386
1385
1384
1383
1382
1381
1381
1380
1380
1379
1378
1377
1377
1377
1377
1376
1375
1374
1374
1373
1371
1369
1368
1366
1361
1360
1356
1356
1355
1355
1352
1351
1347
1347
1346
1344
1343
1341
1340
1340
1340
1339
1339
1337
1337
1336
1334
1333
1333
1333
1332
1330
1330
1328
1327
1326
1326
1323
1323
1322
1316
1315
1315
1315
1315
1312
1311
1311
1310
1310
1309
1308
1306
1304
1304
1304
1304
1303
1303
1302
1301
1301
1299
1297
1297
1297
1296
1295
1294
1294
1294
1293
1291
1290
1289
1287
1286
1285
1284
1284
1283
1283
1282
1281
1280
1280
1279
1278
1278
1278
1277
1277
1277
1276
1275
1275
1274
1274
1272
1271
1271
1271
1271
1271
1270
1270
1270
1269
1268
1268
1266
1265
1264
1263
1263
1263
1262
1262
1262
1261
1261
1260
1260
1260
1260
1259
1258
1258
1258
1257
1253
1253
1252
1251
1251
1251
1251
1250
1249
1248
1247
1246
1246
1244
1243
1242
1241
1241
1241
1240
1240
1240
1239
1238
1238
1238
1238
1237
1236
1235
1235
1234
1234
1234
1233
1233
1232
1231
1231
1231
1231
1230
1229
1229
1228
1227
1227
1227
1227
1226
1226
1226
1225
1225
1225
1225
1225
1225
1224
1224
1224
1224
1223
1223
1223
1222
1222
1221
1220
1220
1219
1219
1219
1218
1218
1214
1213
1212
1212
1211
1211
1210
1209
1209
1209
1208
1208
1208
1208
1207
1206
1205
1205
1205
1203
1203
1203
1202
1202
1201
1200
1200
1200
1199
1199
1198
1198
1197
1197
1195
1195
1195
1195
1195
1194
1193
1193
1193
1193
1192
1192
1192
1191
1191
1190
1190
1190
1189
1189
1189
1189
1189
1189
1188
1186
1186
1186
1186
1186
1185
1185
1185
1185
1184
1184
1184
1184
1182
1182
1181
1181
1181
1179
1179
1179
1178
1178
1178
1178
1178
1178
1177
1176
1175
1175
1174
1174
1173
1173
1173
1171
1171
1171
1171
1170
1169
1169
1168
1167
1167
1167
1166
1166
1166
1166
1165
1165
1164
1163
1163
1163
1163
1163
1163
1162
1162
1162
1161
1161
1161
1160
1160
1160
1159
1159
1159
1159
1159
1158
1158
1158
1157
1157
1156
1156
1155
1155
1155
1155
1154
1154
1154
1154
1153
1153
1153
1152
1152
1152
1152
1151
1150
1150
1148
1148
1148
1148
1148
1148
1147
1147
1147
1146
1146
1146
1145
1144
1144
1144
1144
1144
1143
1143
1142
1142
1142
1141
1141
1140
1140
1140
1140
1139
1139
1139
1139
1139
1138
1137
1136
1136
1136
1136
1135
1135
1135
1134
1134
1134
1134
1133
1133
1133
1132
1132
1132
1132
1131
1131
1131
1130
1130
1130
1129
1129
1129
1129
1127
1127
1126
1126
1126
1126
1126
1125
1125
1124
1124
1123
1123
1123
1123
1123
1122
1121
1120
1119
1119
1118
1118
1118
1118
1117
1117
1117
1117
1117
1117
1116
1116
1116
1116
1116
1116
1115
1115
1115
1114
1114
1114
1114
1114
1114
1112
1112
1112
1112
1111
1110
1110
1110
1110
1109
1109
1109
1109
1108
1108
1107
1107
1107
1106
1106
1105
1105
1105
1105
1105
1105
1103
1103
1103
1102
1102
1102
1101
1101
1101
1100
1100
1099
1099
1098
1098
1098
1097
1097
1097
1096
1096
1094
1093
1092
1091
1091
1090
1090
1090
1090
1090
1089
1089
1088
1088
1088
1088
1087
1087
1087
1086
1086
1086
1086
1084
1084
1084
1084
1084
1083
1083
1083
1082
1082
1081
1081
1080
1080
1080
1079
1079
1078
1078
1078
1078
1077
1077
1076
1076
1076
1076
1075
1075
1075
1075
1074
1074
1074
1074
1073
1072
1072
1071
1071
1070
1070
1070
1069
1069
1068
1067
1067
1067
1066
1064
1064
1064
1063
1063
1063
1063
1063
1063
1063
1063
1062
1062
1062
1062
1062
1061
1060
1060
1060
1059
1059
1059
1058
1058
1058
1058
1057
1056
1056
1056
1056
1055
1055
1055
1054
1054
1053
1053
1053
1053
1053
1052
1052
1052
1051
1051
1051
1051
1051
1050
1050
1049
1049
1049
1049
1049
1048
1048
1048
1048
1048
1047
1047
1047
1047
1046
1045
1045
1045
1045
1044
1044
1044
1043
1043
1042
1042
1042
1042
1042
1041
1041
1041
1040
1040
1040
1040
1039
1039
1039
1038
1038
1038
1037
1037
1037
1037
1036
1036
1035
1035
1035
1035
1035
1033
1033
1033
1033
1032
1032
1032
1031
1031
1031
1030
1030
1030
1029
1029
1029
1029
1029
1029
1029
1028
1028
1027
1027
1027
1026
1026
1025
1025
1025
1025
1023
1023
1022
1022
1022
1022
1021
1021
1021
1020
1020
1020
1019
1019
1019
1019
1019
1018
1018
1018
1018
1016
1016
1016
1015
1015
1014
1014
1014
1014
1014
1013
1013
1013
1012
1012
1012
1012
1012
1011
1011
1011
1011
1010
1010
1010
1010
1008
1008
1008
1007
1007
1006
1006
1006
1005
1005
1005
1005
1005
1004
1004
1004
1004
1003
1001
1001
1001
1001
1001
564
544
